             117.219	               0.000	   -149555722211.476	      2573251200.000	   -227971335402.552	      2080252815.848	     57599560265.103	      4095360000.886	    108076094811.715	     -3025727994.377	
             351.851	               0.036	   -149467160079.389	      5145740443.648	   -227933205401.436	      4160331681.801	     57007488781.231	      8169643352.883	    107906651256.802	     -6049083618.806	
             703.722	               0.175	   -149334320162.286	      7716705323.201	   -227876010764.709	      6240062602.401	     56119656234.943	     12201541361.553	    107652502647.665	     -9067690790.940	
            1172.285	               0.502	   -149157222153.668	     10285383205.218	   -227799753835.434	      8319271566.450	     54938241738.858	     16169608312.543	    107313749072.681	    -12079171575.386	
            1756.613	               1.108	   -148935898899.484	     12851011457.130	   -227704438532.303	     10397784561.003	     53466973668.877	     20052364099.375	    106890557629.807	    -15081148067.064	
            2455.392	               2.077	   -148670396411.719	     15412827674.609	   -227590070350.128	     12475427585.374	     51711164462.085	     23828404501.651	    106383162607.495	    -18071244292.024	
            3266.914	               3.468	   -148360773878.026	     17970069909.671	   -227456656360.213	     14552026665.160	     49677738146.167	     27476519005.229	    105791865611.628	    -21047088124.529	
            4189.077	               5.297	   -148007103667.399	     20521976899.458	   -227304205210.608	     16627407866.277	     47375249306.573	     30975815872.211	    105117035637.104	    -24006313218.906	
            5219.382	               7.525	   -147609471331.837	     23067788295.606	   -227132727126.234	     18701397309.012	     44813892153.173	     34305853962.691	    104359109082.895	    -26946560954.519	
            6354.933	              10.034	   -147167975603.979	     25606744894.149	   -226942233908.891	     20773821182.079	     42005498332.328	     37446780585.337	    103518589709.474	    -29865482392.088	
            7592.442	              12.608	   -146682728390.675	     28138088865.883	   -226732738937.144	     22844505756.698	     38963522150.280	     40379474413.130	    102596048537.618	    -32760740239.563	
            8928.230	              14.914	   -146153854762.484	     30661063987.099	   -226504257166.083	     24913277400.675	     35703011935.361	     43085692248.598	    101592123687.686	    -35630010825.671	
           10358.238	              16.484	   -145581492939.057	     33174915870.642	   -226256805126.962	     26979962592.495	     32240566374.732	     45548218166.324	    100507520158.518	    -38470986079.235	
           11878.037	              16.687	   -144965794270.386	     35678892197.193	   -225990400926.720	     29044387935.424	     28594274819.696	     47751013307.810	     99343009545.175	    -41281375512.286	
           13482.842	              14.717	   -144306923213.904	     38172242946.714	   -225705064247.369	     31106380171.614	     24783640764.622	     49679364364.863	     98099429694.821	    -44058908204.946	
           15167.525	               9.567	   -143605057307.415	     40654220629.974	   -225400816345.269	     33165766196.220	     20829487968.091	     51320028573.687	     96777684300.086	    -46801334790.002	
           16926.640	               0.013	   -142860387137.821	     43124080520.074	   -225077680050.277	     35222373071.519	     16753848999.110	     52661372864.795	     95378742429.370	    -49506429435.035	
           18754.440	             -15.406	   -142073116305.651	     45581080883.902	   -224735679764.770	     37276028041.032	     12579836350.950	     53693504685.605	     93903637993.575	    -52171991819.926	
           20644.907	             -38.400	   -141243461385.359	     48024483213.422	   -224374841462.546	     39326558543.652	      8331496662.458	     54408391944.808	     92353469148.886	    -54795849107.488	
           22591.779	             -70.945	   -140371651881.383	     50453552456.738	   -223995192687.608	     41373792227.773	      4033649010.508	     54799969530.431	     90729397635.267	    -57375857904.969	
           24588.580	            -115.293	   -139457930179.956	     52867557248.826	   -223596762552.813	     43417556965.416	      -288291326.198	     54864229935.018	     89032648050.457	    -59909906214.077	
           26628.652	            -173.978	   -138502551496.656	     55265770141.868	   -223179581738.410	     45457680866.362	     -4608501798.709	     54599295686.533	     87264507059.326	    -62395915367.196	
           28705.193	            -249.824	   -137505783819.681	     57647467835.106	   -222743682490.444	     47493992292.278	     -8900951969.818	     54005471533.915	     85426322538.562	    -64831841947.374	
           30811.293	            -345.944	   -136467907848.856	     60011931404.112	   -222289098619.045	     49526319870.839	    -13139610729.631	     53085274668.691	     83519502656.757	    -67215679689.684	
           32939.968	            -465.738	   -135389216930.358	     62358446529.416	   -221815865496.585	     51554492509.857	    -17298658414.180	     51843441671.476	     81545514890.053	    -69545461361.498	
           35084.203	            -612.884	   -134270016987.162	     64686303724.381	   -221324020055.722	     53578339411.391	    -21352700657.561	     50286911342.684	     79505884973.634	    -71819260619.210	
           37236.984	            -791.332	   -133110626445.207	     66994798562.265	   -220813600787.308	     55597690085.860	    -25276980657.718	     48424783094.511	     77402195789.432	    -74035193838.938	
           39391.341	           -1005.285	   -131911376155.287	     69283231902.366	   -220284647738.184	     57612374366.150	    -29047586484.330	     46268251127.124	     75236086190.562	    -76191421918.703	
           41540.378	           -1259.182	   -130672609310.680	     71550910115.178	   -219737202508.848	     59622222421.709	    -32641650109.690	     43830515164.493	     73009249763.066	    -78286152049.603	
           43677.312	           -1557.677	   -129394681360.499	     73797145306.474	   -219171308250.991	     61627064772.636	    -36037535000.149	     41126669062.097	     70723433525.709	    -80317639453.497	
           45795.503	           -1905.611	   -128077959918.790	     76021255540.247	   -218587009664.926	     63626732303.758	    -39215009361.508	     38173569097.717	     68380436568.637	    -82284189084.696	
           47888.480	           -2307.989	   -126722824669.364	     78222565060.410	   -217984352996.872	     65621056278.703	    -42155402476.311	     34989684197.549	     65982108631.863	    -84184157293.229	
           49949.973	           -2769.942	   -125329667266.356	     80400404511.182	   -217363386036.135	     67609868353.953	    -44841741989.603	     31594930715.719	     63530348624.631	    -86015953447.203	
           51973.931	           -3296.699	   -123898891230.505	     82554111156.061	   -216724158112.142	     69593000592.893	    -47258870473.979	     28010494662.847	     61027103086.843	    -87778041511.865	
           53954.543	           -3893.553	   -122430911841.158	     84683029095.272	   -216066720091.366	     71570285479.842	    -49393540114.105	     24258644460.235	     58474364593.845	    -89468941582.957	
           55886.255	           -4565.825	   -120926156024.011	     86786509481.584	   -215391124374.114	     73541555934.069	    -51234484873.946	     20362537377.205	     55874170105.970	    -91087231372.041	
           57763.779	           -5318.827	   -119385062234.618	     88863910734.385	   -214697424891.193	     75506645323.796	    -52772470025.593	     16346022791.983	     53228599264.368	    -92631547641.464	
           59582.104	           -6157.827	   -117808080337.697	     90914598751.913	   -213985677100.447	     77465387480.183	    -54000319407.693	     12233445307.819	     50539772634.756	    -94100587586.731	
           61336.501	           -7088.019	   -116195671482.308	     92937947121.570	   -213255937983.160	     79417616711.290	    -54912921227.224	      8049450566.318	     47809849900.821	    -95493110164.093	
           63022.522	           -8114.481	   -114548307972.905	     94933337328.228	   -212508266040.344	     81363167816.019	    -55507213607.358	      3818796342.881	     45041028009.142	    -96807937361.205	
           64636.002	           -9242.148	   -112866473136.329	     96900158960.471	   -211742721288.883	     83301876098.041	    -55782151406.987	      -433828800.104	     42235539267.570	    -98043955408.816	
           66173.054	          -10475.782	   -111150661184.740	     98837809914.677	   -210959365257.566	     85233577379.683	    -55738656088.362	     -4683977371.716	     39395649399.142	    -99200115931.484	
           67630.062	          -11819.940	   -109401377074.536	    100745696596.879	   -210158260982.978	     87158108015.805	    -55379550586.869	     -8907603756.994	     36523655553.667	   -100275437035.437	
           69003.672	          -13278.948	   -107619136361.270	    102623234122.296	   -209339473005.280	     89075304907.645	    -54709481242.761	    -13081212771.751	     33621884279.247	   -101269004331.751	
           70290.783	          -14856.878	   -105804465050.603	    104469846512.466	   -208503067363.847	     90985005516.633	    -53734828893.640	    -17181995133.409	     30692689456.077	   -102179971893.124	
           71488.537	          -16557.527	   -103957899445.329	    106284966889.881	   -207649111592.797	     92887047878.182	    -52463611205.406	    -21187949355.342	     27738450194.935	   -103007563142.623	
           72594.302	          -18384.395	   -102079985988.492	    108068037670.031	   -206777674716.379	     94781270615.449	    -50905378246.796	    -25077989885.499	     24761568702.905	   -103751071672.887	
           73605.664	          -20340.671	   -100171281102.669	    109818510750.777	   -205888827244.248	     96667512953.068	    -49071103197.787	    -28832041588.515	     21764468118.880	   -104409861994.357	
           74520.409	          -22429.214	    -98232351025.426	    111535847698.959	   -204982641166.607	     98545614730.847	    -46973069934.606	    -32431120910.118	     18749590321.544	   -104983370211.242	
           75336.510	          -24652.547	    -96263771641.022	    113219519934.155	   -204059189949.229	    100415416417.438	    -44624759063.185	    -35857404261.539	     15719393712.526	   -105471104624.024	
           76052.116	          -27012.842	    -94266128308.394	    114869008909.501	   -203118548528.342	    102276759123.978	    -42040733787.216	    -39094284319.896	     12676350977.541	   -105872646257.430	
           76665.533	          -29511.914	    -92240015685.483	    116483806289.492	   -202160793305.406	    104129484617.685	    -39236526804.374	    -42126415059.548	      9622946828.350	   -106187649312.926	
           77175.215	          -32151.214	    -90186037549.951	    118063414124.679	   -201186002141.746	    105973435335.430	    -36228529231.238	    -44939746412.058	      6561675728.441	   -106415841544.918	
           77579.750	          -34931.824	    -88104806616.343	    119607345023.184	   -200194254353.071	    107808454397.269	    -33033882369.543	    -47521549501.811	      3495039605.403	   -106557024559.963	
           77877.845	          -37854.457	    -85996944349.761	    121115122318.933	   -199185630703.861	    109634385619.937	    -29670372947.904	    -49860433424.735	       425545552.988	   -106611074038.482	
           78068.320	          -40919.453	    -83863080776.096	    122586280236.562	   -198160213401.630	    111451073530.302	    -26156332307.048	    -51946354532.637	     -2644296474.099	   -106577939878.625	
           78150.090	          -44126.780	    -81703854288.891	    124020364052.875	   -197118086091.061	    113258363378.783	    -22510539844.986	    -53770619159.659	     -5711975969.615	   -106457646262.172	
           78122.160	          -47476.033	    -79519911452.899	    125416930254.811	   -196059333848.020	    115056101152.727	    -18752130901.971	    -55325880684.068	     -8774984186.494	   -106250291642.595	
           77983.615	          -50966.441	    -77311906804.397	    126775546693.829	   -194984043173.438	    116844133589.737	    -14900509143.142	    -56606131762.436	    -11830816446.168	   -105956048655.508	
           77733.608	          -54596.863	    -75080502648.326	    128095792736.625	   -193892301987.068	    118622308190.967	    -10975263389.238	    -57606692510.318	    -14876974444.120	   -105575163951.484	
           77371.355	          -58365.797	    -72826368852.328	    129377259412.139	   -192784199621.121	    120390473234.361	     -6996088755.570	    -58324195339.666	    -17910968549.114	   -105107957950.613	
           76896.126	          -62271.382	    -70550182637.756	    130619549554.739	   -191659826813.773	    122148477787.857	     -2982711893.373	    -58756567098.015	    -20930320092.645	   -104554824517.998	
           76307.241	          -66311.401	    -68252628367.723	    131822277943.546	   -190519275702.548	    123896171722.533	      1045179915.271	    -58903009076.322	    -23932563644.361	   -103916230560.390	
           75604.058	          -70483.291	    -65934397332.277	    132985071437.813	   -189362639817.572	    125633405725.715	      5068006095.701	    -58763975356.887	    -26915249269.597	   -103192715545.621	
           74785.974	          -74784.145	    -63596187530.765	    134107569108.295	   -188190014074.708	    127360031314.027	      9066356884.546	    -58341149879.519	    -29875944766.344	   -102384890946.794	
           73852.414	          -79210.716	    -61238703451.483	    135189422364.541	   -187001494768.562	    129075900846.395	     13021054571.385	    -57637422530.333	    -32812237879.537	   -101493439612.644	
           72802.829	          -83759.429	    -58862655848.684	    136230295078.050	   -185797179565.368	    130780867536.994	     16913212269.372	    -56656864494.928	    -35721738490.386	   -100519115064.907	
           71636.689	          -88426.382	    -56468761517.020	    137229863701.227	   -184577167495.743	    132474785468.152	     20724290607.945	    -55404703052.771	    -38602080778.177	    -99462740723.536	
           70353.483	          -93207.357	    -54057743063.529	    138187817382.069	   -183341558947.326	    134157509603.182	     24436152735.052	    -53887295920.964	    -41450925351.808	    -98325209060.795	
           68952.709	          -98097.822	    -51630328677.218	    139103858074.543	   -182090455657.285	    135828895799.178	     28031118006.645	    -52112105187.416	    -44265961348.350	    -97107480685.507	
           67433.871	         -103092.944	    -49187251896.360	    139977700644.576	   -180823960704.710	    137488800819.738	     31492014727.330	    -50087670808.298	    -47044908496.017	    -95810583358.925	
           65796.478	         -108187.590	    -46729251373.583	    140809072971.620	   -179542178502.869	    139137082347.636	     34802232287.181	    -47823583583.218	    -49785519139.024	    -94435610943.822	
           64040.035	         -113376.342	    -44257070638.838	    141597716045.733	   -178245214791.360	    140773598997.437	     37945773015.492	    -45330457463.426	    -52485580221.930	    -92983722288.537	
           62164.042	         -118653.496	    -41771457860.353	    142343384060.124	   -176933176628.122	    142398210328.042	     40907304042.602	    -42619900993.287	    -55142915231.148	    -91456140047.776	
           60167.987	         -124013.078	    -39273165603.645	    143045844499.117	   -175606172381.335	    144010776855.180	     43672209425.937	    -39704487633.101	    -57755386091.438	    -89854149442.101	
           58051.342	         -129448.850	    -36762950588.712	    143704878221.490	   -174264311721.196	    145611160063.832	     46226642755.798	    -36597724662.127	    -60320895015.252	    -88179096958.081	
           55813.558	         -134954.316	    -34241573445.482	    144320279539.137	   -172907705611.572	    147199222420.592	     48557580410.243	    -33314020314.578	    -62837386302.957	    -86432388991.191	
           53454.057	         -140522.737	    -31709798467.623	    144891856291.022	   -171536466301.532	    148774827385.961	     50652875576.142	    -29868648758.709	    -65302848092.031	    -84615490433.584	
           50972.232	         -146147.137	    -29168393364.818	    145419429912.384	   -170150707316.761	    150337839426.576	     52501313095.046	    -26277712490.524	    -67715314053.446	    -82729923208.966	
           48367.435	         -151820.314	    -26618129013.596	    145902835499.140	   -168750543450.849	    151888124027.368	     54092665127.398	    -22558101679.705	    -70072865033.565	    -80777264756.826	
           45638.974	         -157534.854	    -24059779206.831	    146341921867.487	   -167336090756.466	    153425547703.653	     55417747556.674	    -18727449977.095	    -72373630639.994	    -78759146468.358	
           42786.107	         -163283.138	    -21494120401.998	    146736551608.628	   -165907466536.416	    154949978013.149	     56468476976.070	    -14804086271.530	    -74615790769.936	    -76677252076.436	
           39808.032	         -169057.363	    -18921931468.306	    147086601138.630	   -164464789334.563	    156461283567.928	     57237928014.214	    -10806981870.463	    -76797577079.719	    -74533316002.068	
           36703.884	         -174849.546	    -16343993432.796	    147391960743.363	   -163008178926.655	    157959334046.283	     57720390663.383	     -6755692575.036	    -78917274394.268	    -72329121659.774	
           33472.726	         -180651.549	    -13761089225.513	    147652534618.507	   -161537756311.018	    159444000204.534	     57911427174.165	     -2670295128.060	    -80973222055.451	    -70066499724.365	
           30113.542	         -186455.086	    -11174003423.871	    147868240904.604	   -160053643699.134	    160915153888.746	     57807927975.289	      1428682465.573	    -82963815208.275	    -67747326361.634	
           26625.232	         -192251.746	     -8583521996.292	    148039011717.129	   -158555964506.107	    162372668046.378	     57408165967.628	      5520337209.928	    -84887506024.109	    -65373521425.480	
           23006.602	         -198033.009	     -5990432045.249	    148164793171.574	   -157044843341.007	    163816416737.853	     56711848428.868	      9583474390.330	    -86742804860.155	    -62947046623.982	
           19256.364	         -203790.268	     -3395521549.806	    148245545403.522	   -155520405997.101	    165246275148.041	     55720165652.379	     13596698183.053	    -88528281354.544	    -60469903656.987	
           15373.121	         -209514.845	      -799579107.765	    148281242583.704	   -153982779441.971	    166662119597.674	     54435835333.173	     17538509843.384	    -90242565456.546	    -57944132327.718	
           11355.372	         -215198.020	      1796606322.461	    148271872928.030	   -152432091807.509	    168063827554.667	     52863141609.254	     21387413594.899	    -91884348391.471	    -55371808630.959	
            7201.501	         -220831.048	      4392245680.161	    148217438702.585	   -150868472379.808	    169451277645.362	     51007967572.173	     25122030200.560	    -93452383559.987	    -52755042820.311	
            2909.778	         -226405.190	      6986550060.701	    148117956223.596	   -149292051588.933	    170824349665.685	     48877819981.169	     28721218029.527	    -94945487371.646	    -50095977457.040	
           -1521.644	         -231911.732	      9578730973.850	    147973455852.355	   -147702960998.578	    172182924592.221	     46481844856.312	     32164201243.038	    -96362540012.564	    -47396785442.979	
           -6094.729	         -237342.020	     12168000601.965	    147783981985.118	   -146101333295.621	    173526884593.199	     43830832593.212	     35430704509.748	    -97702486147.254	    -44659668039.936	
          -10811.557	         -242687.483	     14753572057.910	    147549593037.976	   -144487302279.549	    174856113039.387	     40937211241.327	     38501093428.761	    -98964335554.761	    -41886852878.040	
          -15674.315	         -247939.662	     17334659642.608	    147270361426.714	   -142861002851.793	    176170494514.901	     37815026625.400	     41356519591.432	   -100147163699.302	    -39080591955.384	
          -20685.300	         -253090.242	     19910479102.120	    146946373541.669	   -141222571004.938	    177469914827.924	     34479908070.617	     43979068957.041	   -101250112235.747	    -36243159631.318	
          -25846.901	         -258131.080	     22480247884.148	    146577729717.601	   -139572143811.828	    178754261021.330	     30949018621.343	     46351911960.207	   -102272389450.332	    -33376850615.685	
          -31161.595	         -263054.236	     25043185393.864	    146164544198.611	   -137909859414.562	    180023421383.216	     27240988823.985	     48459453518.684	   -103213270637.121	    -30483977956.243	
          -36631.927	         -267852.001	     27598513248.958	    145706945098.097	   -136235857013.389	    181277285457.345	     23375833378.292	     50287480879.476	   -104072098410.769	    -27566871026.464	
          -42260.499	         -272516.924	     30145455533.823	    145205074353.786	   -134550276855.479	    182515744053.482	     19374850247.439	     51823307040.626	   -104848282956.278	    -24627873515.857	
          -48049.949	         -277041.844	     32683239052.777	    144659087677.834	   -132853260223.608	    183738689257.649	     15260502152.356	     53055907327.556	   -105541302216.449	    -21669341424.880	
          -54002.925	         -281419.913	     35211093582.203	    144069154502.002	   -131144949424.721	    184946014442.268	     11056280753.602	     53976046598.424	   -106150702017.858	    -18693641066.474	
          -60122.067	         -285644.620	     37728252121.510	    143435457917.922	   -129425487778.403	    186137614276.219	      6786554235.280	     54576394513.554	   -106676096136.215	    -15703147076.170	
          -66409.974	         -289709.811	     40233951142.782	    142758194612.459	   -127695019605.232	    187313384734.786	      2476399437.689	     54851626339.025	   -107117166302.051	    -12700240432.645	
          -72869.178	         -293609.711	     42727430838.982	    142037574798.227	   -125953690215.045	    188473223109.516	     -1848579876.559	     54798506870.883	   -107473662147.716	     -9687306490.575	
          -79502.112	         -297338.935	     45207935370.607	    141273822139.291	   -124201645895.086	    189617028017.963	     -6162446611.308	     54415955267.828	   -107745401096.745	     -6666733027.521	
          -86311.077	         -300892.506	     47674713110.690	    140467173672.131	   -122439033898.061	    190744699413.340	    -10439133371.379	     53705088866.342	   -107932268196.681	     -3640908306.531	
          -93298.210	         -304265.856	     50127016888.051	    139617879721.921	   -120666002430.088	    191856138594.064	    -14652652184.012	     52669244418.184	   -108034215896.504	      -612219156.089	
         -100465.448	         -307454.833	     52564104228.712	    138726203814.182	   -118882700638.548	    192951248213.192	    -18777307864.262	     51313975626.710	   -108051263769.835	      2416950931.062	
         -107814.495	         -310455.703	     54985237595.406	    137792422581.842	   -117089278599.827	    194029932287.759	    -22787911778.221	     49647026351.748	   -107983498185.157	      5444223678.741	
         -115346.789	         -313265.141	     57389684625.081	    136816825667.765	   -115285887306.970	    195092096207.997	    -26659992648.342	     47678279385.430	   -107831071924.278	      8467227886.393	
         -123063.471	         -315880.228	     59776718364.304	    135799715622.775	   -113472678657.226	    196137646746.456	    -30370001037.152	     45419681253.151	   -107594203750.336	     11483601265.059	
         -130965.350	         -318298.436	     62145617502.501	    134741407799.232	   -111649805439.493	    197166492067.000	    -33895504242.464	     42885144042.660	   -107273177926.664	     14490992248.984	
         -139052.880	         -320517.610	     64495666602.904	    133642230240.198	   -109817421321.677	    198178541733.701	    -37215368536.682	     40090425787.773	   -106868343687.838	     17487061781.653	
         -147326.131	         -322535.954	     66826156331.143	    132502523564.262	   -107975680837.945	    199173706719.609	    -40309925977.381	     37052991409.919	   -106380114664.329	     20469485075.120	
         -155784.770	         -324352.006	     69136383681.383	    131322640846.052	   -106124739375.884	    200151899415.416	    -43161123393.621	     33791856631.457	   -105808968262.187	     23435953341.574	
         -164428.038	         -325964.612	     71425652199.908	    130102947492.526	   -104264753163.577	    201113033637.991	    -45752651595.972	     30327417603.732	   -105155444999.278	     26384175496.214	
         -173254.735	         -327372.903	     73693272206.089	    128843821115.076	   -102395879256.573	    202057024638.808	    -48070053348.847	     26681269228.640	   -104420147799.592	     29311879830.680	
         -182263.211	         -328576.266	     75938561010.623	    127545651397.515	   -100518275524.784	    202983789112.249	    -50100809161.313	     22876015288.722	   -103603741247.016	     32216815656.561	
         -191451.355	         -329574.313	     78160843130.988	    126208839960.024	    -98632100639.277	    203893245203.796	    -51834400477.380	     18935073537.634	   -102706950799.569	     35096754918.510	
         -200816.596	         -330366.856	     80359450504.010	    124833800219.109	    -96737514058.992	    204785312518.093	    -53262350358.436	     14882478847.629	   -101730561964.782	     37949493776.240	
         -210355.893	         -330953.872	     82533722695.487	    123420957243.647	    -94834676017.363	    205659912126.899	    -54378242225.774	     10742687374.266	   -100675419437.082	     40772854154.121	
         -220065.749	         -331335.481	     84683007106.769	    121970747607.089	    -92923747508.856	    206516966576.912	    -55177717648.033	      6540384487.634	    -99542426198.773	     43564685257.011	
         -229942.212	         -331511.914	     86806659178.245	    120483619235.892	    -91004890275.426	    207356399897.479	    -55658454508.464	      2300298938.151	    -98332542586.760	     46322865051.578	
         -239980.882	         -331483.488	     88904042589.639	    118960031254.254	    -89078266792.883	    208178137608.174	    -55820127174.726	     -1952974610.278	    -97046785326.949	     49045301713.028	
         -250176.931	         -331250.579	     90974529457.071	    117400453825.222	    -87144040257.179	    208982106726.260	    -55664350518.616	     -6195142908.986	    -95686226537.735	     51729935037.307	
         -260525.111	         -330813.605	     93017500526.792	    115805367988.259	    -85202374570.609	    209768235774.025	    -55194609786.750	    -10402369912.292	    -94251992703.700	     54374737818.676	
         -271019.772	         -330172.998	     95032345365.541	    114175265493.341	    -83253434327.934	    210536454785.985	    -54416178402.949	    -14551419984.807	    -92745263620.565	     56977717192.396	
         -281654.884	         -329329.189	     97018462547.458	    112510648631.662	    -81297384802.422	    211286695315.971	    -53336025795.496	    -18619787839.594	    -91167271312.548	     59536915942.211	
         -292424.053	         -328282.591	     98975259837.479	    110812030063.032	    -79334391931.806	    212018890444.078	    -51962717297.610	    -22585814847.211	    -89519298923.256	     62050413772.337	
         -303320.545	         -327033.583	    100902154371.180	    109079932640.047	    -77364622304.174	    212732974783.489	    -50306308077.361	    -26428791653.991	    -87802679581.350	     64516328543.733	
         -314337.304	         -325582.500	    102798572830.975	    107314889229.112	    -75388243143.768	    213428884487.172	    -48378232923.649	    -30129047309.871	    -86018795242.127	     66932817474.495	
         -325466.977	         -323929.620	    104663951618.654	    105517442528.404	    -73405422296.720	    214106557254.439	    -46191193556.863	    -33668025328.275	    -84169075506.207	     69298078304.241	
         -336701.937	         -322075.157	    106497737024.167	    103688144882.855	    -71416328216.706	    214765932337.375	    -43759044955.493	    -37028347281.961	    -82254996416.454	     71610350422.435	
         -348034.301	         -320019.256	    108299385390.644	    101827558096.244	    -69421129950.530	    215406950547.138	    -41096682001.291	    -40193864680.085	    -80278079234.236	     73867915960.607	
         -359455.957	         -317761.984	    110068363275.558	     99936253240.483	    -67419997123.633	    216029554260.122	    -38219927552.874	    -43149699974.965	    -78239889196.103	     76069100848.476	
         -370958.583	         -315303.332	    111804147608.033	     98014810462.184	    -65413099925.537	    216633687423.981	    -35145422866.910	    -45882277615.338	    -76142034251.925	     78212275834.005	
         -382533.669	         -312643.209	    113506225842.203	     96063818786.594	    -63400609095.212	    217219295563.526	    -31890521102.263	    -48379346099.894	    -73986163785.501	     80295857467.447	
         -394172.538	         -309781.444	    115174096106.624	     94083875918.983	    -61382695906.383	    217786325786.476	    -28473184469.301	    -50629991994.670	    -71773967318.620	     82318309049.467	
         -405866.365	         -306717.785	    116807267349.671	     92075588043.585	    -59359532152.762	    218334726789.078	    -24911885426.869	    -52624646864.633	    -69507173199.523	     84278141543.443	
         -417606.197	         -303451.900	    118405259480.889	     90039569620.168	    -57331290133.224	    218864448861.588	    -21225512184.756	    -54355088037.623	    -67187547276.686	     86173914452.074	
         -429382.972	         -299983.382	    119967603508.270	     87976443178.329	    -55298142636.911	    219375443893.604	    -17433278640.917	    -55814434071.576	    -64816891558.802	     88004236658.430	
         -441187.537	         -296311.748	    121493841671.419	     85886839109.605	    -53260262928.279	    219867665379.277	    -13554638770.413	    -56997135737.146	    -62397042861.820	     89767767231.608	
         -453010.664	         -292436.445	    122983527570.569	     83771395457.490	    -51217824732.081	    220341068422.360	     -9609205386.784	    -57898963260.678	    -59929871443.873	     91463216197.162	
         -464843.067	         -288356.853	    124436226291.439	     81630757705.440	    -49171002218.291	    220795609741.130	     -5616673115.656	    -58516990499.526	    -57417279628.866	     93089345272.483	
         -476675.420	         -284072.290	    125851514525.875	     79465578562.976	    -47119969986.972	    221231247673.163	     -1596745353.957	    -58849576645.356	    -54861200419.517	     94644968567.332	
         -488498.367	         -279582.015	    127228980688.290	     77276517749.955	    -45064903053.084	    221647942179.962	      2430935065.036	    -58896345973.069	    -52263596100.557	     96128953249.709	
         -500302.545	         -274885.231	    128568225027.844	     75064241779.115	    -43005976831.241	    222045654851.448	      6446851821.562	    -58658166074.802	    -49626456832.811	     97540220177.273	
         -512078.589	         -269981.096	    129868859736.370	     72829423736.974	    -40943367120.411	    222424348910.301	     10431678024.927	    -58137124941.239	    -46951799238.832	     98877744494.511	
         -523817.154	         -264868.719	    131130509052.018	     70572743063.181	    -38877250088.563	    222783989216.155	     14366336465.718	    -57336507176.973	    -44241664980.739	    100140556195.870	
         -535508.920	         -259547.172	    132352809358.599	     68294885328.414	    -36807802257.270	    223124542269.647	     18232057587.110	    -56260769563.411	    -41498119330.880	    101327740655.064	
         -547144.615	         -254015.490	    133535409280.622	     65996542010.897	    -34735200486.256	    223445976216.322	     22010435561.333	    -54915516112.133	    -38723249735.924	    102438439120.754	
         -558715.019	         -248272.677	    134677969774.013	     63678410271.653	    -32659621957.899	    223748260850.385	     25683482853.967	    -53307472683.743	    -35919164374.954	    103471849178.816	
         -570210.980	         -242317.712	    135780164212.498	     61341192728.559	    -30581244161.687	    224031367618.303	     29233683648.944	    -51444461182.329	    -33087990712.111	    104427225181.395	
         -581623.431	         -236149.553	    136841678469.658	     58985597229.307	    -28500244878.630	    224295269622.264	     32644046491.499	    -49335373273.426	    -30231874044.319	    105303878642.941	
         -592943.393	         -229767.141	    137862210996.632	     56612336623.357	    -26416802165.633	    224539941623.476	     35898156485.061	    -46990143514.068	    -27352976044.609	    106101178603.414	
         -604161.996	         -223169.404	    138841472895.488	     54222128532.971	    -24331094339.816	    224765360045.321	     38980227351.509	    -44419721726.842	    -24453473301.514	    106818551958.848	
         -615270.487	         -216355.263	    139779187988.233	     51815695123.414	    -22243299962.811	    224971502976.354	     41875153632.331	    -41636044395.966	    -21535555855.024	    107455483759.434	
         -626260.245	         -209323.638	    140675092881.496	     49393762872.418	    -20153597825.005	    225158350173.148	     44568563270.918	    -38652004812.270	    -18601425729.546	    108011517475.302	
         -637122.790	         -202073.451	    141528937026.856	     46957062338.985	    -18062166929.758	    225325883062.986	     47046870773.414	    -35481421645.779	    -15653295464.308	    108486255230.139	
         -647849.800	         -194603.631	    142340482776.840	     44506327931.633	    -15969186477.577	    225474084746.396	     49297331096.868	    -32139005579.625	    -12693386641.636	    108879358002.792	
         -658433.120	         -186913.123	    143109505436.599	     42042297676.154	    -13874835850.263	    225602939999.534	     51308094358.675	    -28640323597.681	     -9723928413.521	    109190545796.987	
         -668864.780	         -179000.891	    143835793311.254	     39565712982.988	    -11779294595.019	    225712435276.409	     53068261400.027	    -25001760481.247	     -6747156026.861	    109419597779.275	
         -679137.001	         -170865.924	    144519147748.953	     37077318414.284	     -9682742408.533	    225802558710.949	     54567940168.093	    -21240477038.135	     -3765309347.789	    109566352385.311	
         -689242.215	         -162507.245	    145159383179.629	     34577861450.738	     -7585359121.027	    225873300118.912	     55798302806.622	    -17374364561.498	      -780631385.457	    109630707394.555	
         -699173.074	         -153923.920	    145756327149.498	     32068092258.294	     -5487324680.280	    225924650999.638	     56751643262.426	    -13421994997.179	      2204633184.333	    109612619973.464	
         -708922.466	         -145115.061	    146309820351.300	     29548763454.777	     -3388819135.625	    225956604537.645	     57421435125.942	     -9402566288.378	      5188239495.301	    109512106687.246	
         -718483.524	         -136079.841	    146819716650.324	     27020629876.539	     -1290022621.915	    225969155604.059	     57802389327.884	     -5335842367.032	      8167943966.269	    109329243480.211	
         -727849.647	         -126817.502	    147285883106.215	     24484448345.179	       808884656.523	    225962300757.898	     57890511211.698	     -1242087274.083	     11141505775.801	    109064165624.755	
         -737014.503	         -117327.363	    147708199990.586	     21940977434.419	      2907722441.970	    225936038247.178	     57683156393.853	      2858007081.978	     14106688335.527	    108717067638.983	
         -745972.050	         -107608.837	    148086560800.444	     19390977237.180	      5006310439.408	    225890368009.880	     57179084712.532	      6943399975.252	     17061260761.789	    108288203172.985	
         -754716.544	          -97661.443	    148420872267.424	     16835209132.967	      7104468332.637	    225825291674.738	     56378511451.784	     10992788105.969	     20002999345.229	    107777884863.738	
         -763242.550	          -87484.819	    148711054362.839	     14274435555.624	      9202015800.406	    225740812561.882	     55283154915.183	     14984699339.355	     22929689017.949	    107186484158.604	
         -771544.956	          -77078.736	    148957040298.569	     11709419761.565	     11298772532.564	    225636935683.311	     53896279313.733	     18897594136.795	     25839124817.854	    106514431107.392	
         -779618.980	          -66443.120	    149158776523.818	      9140925598.571	     13394558246.223	    225513667743.212	     52222731831.063	     22709974747.803	     28729113349.778	    105762214122.912	
         -787460.178	          -55578.067	    149316222717.779	      6569717275.247	     15489192701.933	    225371017138.115	     50268972639.469	     26400502078.496	     31597474242.994	    104930379709.969	
         -795064.454	          -44483.859	    149429351778.266	      3996559131.213	     17582495719.868	    225208993956.887	     48043096568.375	     29948119975.046	     34442041604.670	    104019532162.728	
         -802428.064	          -33160.992	    149498149806.357	      1422215408.078	     19674287196.027	    225027609980.574	     45554845077.681	     33332186459.692	     37260665468.850	    103030333230.382	
         -809547.617	          -21610.190	    149522616087.088	     -1152549978.710	     21764387118.432	    224826878682.073	     42815607168.261	     36532611234.445	     40051213240.501	    101963501751.110	
         -816420.083	           -9832.430	    149502763066.243	     -3726973667.118	     23852615583.341	    224606815225.649	     39838407876.139	     39529998527.163	     42811571134.223	    100819813254.282	
         -823042.784	            2171.035	    149438616323.262	     -6300293074.800	     25938792811.463	    224367436466.292	     36637883051.260	     42305794101.478	     45539645607.290	     99600099530.949	
         -829413.398	           14398.652	    149330214540.308	     -8871746624.341	     28022739164.174	    224108760948.913	     33230239221.065	     44842434993.524	     48233364786.772	     98305248172.476	
         -835529.950	           26848.549	    149177609467.517	    -11440573967.405	     30104275159.736	    223830808907.382	     29633197488.134	     47123500284.240	     50890679890.564	     96936202076.968	
         -841390.801	           39518.507	    148980865884.475	    -14006016207.725	     32183221489.517	    223533602263.400	     25865920614.897	     49133860976.471	     53509566641.831	     95493958922.767	
         -846994.642	           52405.942	    148740061557.945	    -16567316122.884	     34259399034.207	    223217164625.221	     21948922710.269	     50859826829.504	     56088026675.890	     93979570608.331	
         -852340.474	           65507.881	    148455287195.893	    -19123718384.800	     36332628880.030	    222881521286.196	     17903961248.966	     52289287815.795	     58624088938.227	     92394142658.347	
         -857427.592	           78820.942	    148126646397.842	    -21674469778.891	     38402732334.957	    222526699223.173	     13753911511.047	     53411847717.464	     61115811072.697	     90738833596.584	
         -862255.567	           92341.318	    147754255601.605	    -24218819421.828	     40469530944.901	    222152727094.721	      9522623915.830	     54218947294.835	     63561280799.560	     89014854285.947	
         -866824.219	          106064.758	    147338244026.429	    -26756018977.842	     42532846509.915	    221759635239.199	      5234765138.401	     54703974453.077	     65958617283.197	     87223467235.813	
         -871133.594	          119986.557	    146878753612.595	    -29285322873.516	     44592501100.368	    221347455672.652	       915644332.462	     54862358908.955	     68305972489.191	     85365985876.342	
         -875183.935	          134101.544	    146375938957.520	    -31805988511.015	     46648317073.109	    220916222086.556	     -3408973777.363	     54691649016.284	     70601532530.169	     83443773799.387	
         -878975.653	          148404.073	    145829967248.405	    -34317276479.697	     48700117087.619	    220465969845.388	     -7713066749.871	     54191568646.848	     72843518999.674	     81458243965.681	
         -882509.296	          162888.024	    145241018191.468	    -36818450766.059	     50747724122.139	    219996735984.038	    -11970560662.613	     53364052343.352	     75030190293.233	     79410857878.093	
         -885785.513	          177546.803	    144609283937.815	    -39308778961.961	     52790961489.780	    219508559205.063	    -16155541837.711	     52213257357.258	     77159842915.811	     77303124720.780	
         -888805.029	          192373.342	    143934969005.983	    -41787532471.082	     54829652854.608	    219001479875.770	    -20242470915.857	     50745551646.407	     79230812774.804	     75136600464.105	
         -891568.605	          207360.116	    143218290201.217	    -44253986713.567	     56863622247.705	    218475540025.147	    -24206395971.536	     48969477419.593	     81241476457.737	     72912886935.230	
         -894077.009	          222499.148	    142459476531.513	    -46707421328.805	     58892694083.209	    217930783340.627	    -28023161295.356	     46895690358.795	     83190252493.788	     70633630854.274	
         -896330.989	          237782.031	    141658769120.483	    -49147120376.309	     60916693174.321	    217367255164.697	    -31669608505.884	     44536875203.290	     85075602598.259	     68300522835.987	
         -898331.237	          253199.948	    140816421117.085	    -51572372534.644	     62935444749.284	    216785002491.343	    -35123766794.494	     41907638920.765	     86896032899.063	     65915296356.864	
         -900078.369	          268743.696	    139932697602.265	    -53982471298.361	     64948774467.339	    216184073962.339	    -38365029347.864	     39024383196.803	     88650095144.301	     63479726687.672	
         -901572.897	          284403.711	    139007875492.562	    -56376715172.905	     66956508434.640	    215564519863.369	    -41374313324.504	     35905158424.975	     90336387889.938	     60995629791.373	
         -902815.211	          300170.104	    138042243440.726	    -58754407867.444	     68958473220.144	    214926392120.003	    -44134201169.614	     32569501757.646	     91953557666.590	     58464861186.465	
         -903805.558	          316032.688	    137036101733.386	    -61114858485.590	     70954495871.461	    214269744293.497	    -46629061519.039	     29038262068.810	     93500300124.370	     55889314775.755	
         -904544.031	          331981.015	    135989762185.831	    -63457381713.977	     72944403930.669	    213594631576.444	    -48845148447.663	     25333414875.818	     94975361154.761	     53270921640.663	
         -905030.558	          348004.410	    134903548033.949	    -65781298008.647	     74928025450.094	    212901110788.263	    -50770678339.015	     21477870362.878	     96377537988.399	     50611648801.131	
         -905264.894	          364092.009	    133777793823.356	    -68085933779.221	     76905189008.044	    212189240370.527	    -52395884169.865	     17495277646.986	     97705680267.675	     47913497941.291	
         -905246.618	          380232.794	    132612845295.800	    -70370621570.819	     78875723724.507	    211459080382.135	    -53713047496.624	     13409828332.328	     98958691093.002	     45178504101.052	
         -904975.135	          396415.629	    131409059272.845	    -72634700243.690	     80839459276.800	    210710692494.320	    -54716508882.250	      9246062222.201	    100135528041.582	     42408734333.828	
         -904449.681	          412629.296	    130166803536.921	    -74877515150.528	     82796225915.181	    209944139985.504	    -55402657899.365	      5028677811.120	    101235204157.500	     39606286330.654	
         -903669.324	          428862.529	    128886456709.771	    -77098418311.441	     84745854478.403	    209159487735.990	    -55769904177.424	       782349879.070	    102256788911.911	     36773287010.990	
         -902632.978	          445104.045	    127568408128.344	    -79296768586.543	     86688176409.229	    208356802222.501	    -55818631223.016	     -3468443828.981	    103199409132.109	     33911891080.557	
         -901339.417	          461342.580	    126213057718.189	    -81471931846.143	     88623023769.887	    207536151512.558	    -55551134930.691	     -7699585216.296	    104062249898.221	     31024279556.601	
         -899787.284	          477566.913	    124820815864.400	    -83623281138.496	     90550229257.485	    206697605258.700	    -54971548818.236	    -11887466486.393	    104844555406.257	     28112658261.021	
         -897975.110	          493765.895	    123392103280.149	    -85750196855.104	     92469626219.360	    205841234692.552	    -54085758069.589	    -16009127941.510	    105545629796.245	     25179256281.863	
         -895901.329	          509928.475	    121927350872.873	    -87852066893.533	     94381048668.374	    204967112618.732	    -52901304456.944	    -20042382378.726	    106164837944.146	     22226324403.736	
         -893564.300	          526043.722	    120426999608.152	    -89928286817.716	     96284331298.159	    204075313408.606	    -51427284149.476	    -23965925851.409	    106701606216.253	     19256133507.741	
         -890962.325	          542100.843	    118891500371.328	    -91978260015.733	     98179309498.297	    203165912993.888	    -49674240308.448	    -27759434846.297	    107155423184.769	     16270972941.597	
         -888093.664	          558089.208	    117321313826.916	    -94001397855.041	    100065819369.435	    202238988860.079	    -47654052226.918	    -31403650171.117	    107525840303.226	     13273148860.681	
         -884956.563	          573998.359	    115716910275.855	    -95997119835.122	    101943697738.350	    201294620039.764	    -45379822606.010	    -34880448051.995	    107812472540.460	     10264982540.774	
         -881549.267	          589818.029	    114078769510.649	    -97964853737.543	    103812782172.934	    200332887105.744	    -42865764377.493	    -38172899103.798	    108014998971.794	      7248808663.365	
         -877870.042	          605538.154	    112407380668.435	    -99904035773.407	    105672910997.126	    199353872164.023	    -40127088292.077	    -41265315961.330	    108133163326.131	      4226973574.429	
         -873917.194	          621148.883	    110703242082.042	   -101814110728.163	    107523923305.768	    198357658846.642	    -37179892301.043	    -44143290447.328	    108166774487.654	      1201833517.659	
         -869689.089	          636640.585	    108966861129.075	   -103694532103.775	    109365658979.398	    197344332304.355	    -34041053571.243	    -46793721207.979	    108115706950.823	     -1824247156.786	
         -865184.169	          652003.865	    107198754079.082	   -105544762258.220	    111197958698.962	    196313979199.167	    -30728123794.469	    -49204832771.937	    107979901227.400	     -4848897806.913	
         -860400.969	          667229.560	    105399445938.835	   -107364272542.310	    113020663960.465	    195266687696.709	    -27259228285.009	    -51366186988.728	    107759364204.235	     -7869743335.707	
         -855338.135	          682308.754	    103569470295.794	   -109152543433.808	    114833617089.538	    194202547458.473	    -23652969206.177	    -53268687781.123	    107454169450.558	    -10884406048.873	
         -849994.437	          697232.778	    101709369159.782	   -110909064668.839	    116636661255.938	    193121649633.894	    -19928333129.040	    -54904580107.553	    107064457473.580	    -13890507532.180	
         -844368.789	          711993.214	     99819692802.922	   -112633335370.572	    118429640487.958	    192024086852.289	    -16104603005.153	    -56267443978.578	    106590435921.190	    -16885670547.005	
         -838460.255	          726581.901	     97900999597.892	   -114324864175.162	    120212399686.769	    190909953214.641	    -12201274529.853	    -57352184309.228	    106032379730.612	    -19867520942.615	
         -832268.067	          740990.936	     95953855854.529	   -115983169354.949	    121984784640.678	    189779344285.248	     -8237976783.076	    -58155017319.601	    105390631221.884	    -22833689583.640	
         -825791.637	          755212.676	     93978835654.845	   -117607778938.882	    123746642039.298	    188632357083.219	     -4234396960.028	    -58673454121.897	    104665600135.096	    -25781814291.152	
         -819030.566	          769239.742	     91976520686.486	   -119198230830.186	    125497819487.639	    187469090073.826	      -210208943.309	    -58906282055.242	    103857763610.336	    -28709541795.639	
         -811984.658	          783065.018	     89947500074.691	   -120754072921.240	    127238165520.115	    186289643159.720	      3814994579.894	    -58853544251.775	    102967666109.376	    -31614529700.164	
         -804653.925	          796681.654	     87892370212.792	   -122274863205.676	    128967529614.456	    185094117671.994	      7821766788.301	    -58516517839.915	    101995919278.153	    -34494448451.870	
         -797038.600	          810083.070	     85811734591.298	   -123760169887.688	    130685762205.541	    183882616361.115	     11790868543.454	    -57897691114.400	    100943201749.176	    -37346983319.976	
         -789139.147	          823262.951	     83706203625.606	   -125209571488.549	    132392714699.130	    182655243387.706	     15703327728.447	    -57000739928.361	     99810258883.049	    -40169836378.292	
         -780956.262	          836215.256	     81576394482.374	   -126622656950.335	    134088239485.512	    181412104313.198	     19540496492.208	    -55830503490.775	     98597902448.360	    -42960728490.270	
         -772490.891	          848934.210	     79422930904.583	   -127999025736.846	    135772189953.055	    180153306090.334	     23284106783.902	    -54392959683.442	     97307010239.285	    -45717401294.487	
         -763744.229	          861414.315	     77246443035.332	   -129338287931.723	    137444420501.666	    178878957053.542	     26916324556.053	    -52695199945.316	     95938525630.309	    -48437619188.451	
         -754717.730	          873650.343	     75047567240.375	   -130640064333.726	    139104786556.145	    177589166909.170	     30419803002.569	    -50745403708.450	     94493457067.620	    -51119171308.504	
         -745413.115	          885637.339	     72826945929.451	   -131903986549.159	    140753144579.452	    176284046725.583	     33777735179.441	    -48552812308.925	     92972877496.816	    -53759873503.619	
         -735832.378	          897370.624	     70585227376.453	   -133129697081.422	    142389352085.864	    174963708923.131	     36973906331.604	    -46127702237.359	     91377923726.755	    -56357570300.872	
         -725977.789	          908845.792	     68323065538.477	   -134316849417.657	    144013267654.042	    173628267263.976	     39992746219.850	    -43481357536.533	     89709795729.460	    -58910136860.476	
         -715851.908	          920058.714	     66041119873.832	   -135465108112.493	    145624750939.982	    172277836841.793	     42819381707.886	    -40626041097.871	     87969755875.934	    -61415480918.458	
         -705457.582	          931005.535	     63740055159.051	   -136574148868.897	    147223662689.876	    170912534071.340	     45439689833.787	    -37574964555.395	     86159128107.388	    -63871544715.019	
         -694797.957	          941682.673	     61420541304.961	   -137643658616.135	    148809864752.855	    169532476677.894	     47840351552.598	    -34342256430.042	     84279297040.957	    -66276306906.113	
         -683876.485	          952086.822	     59083253171.851	   -138673335584.860	    150383220093.636	    168137783686.559	     50008906291.057	    -30942928143.603	     82331707009.308	    -68627784454.882	
         -672696.925	          962214.947	     56728870383.763	   -139662889379.334	    151943592805.052	    166728575411.451	     51933807390.383	    -27392837494.105	     80317861034.722	    -70924034499.293	
         -661263.353	          972064.285	     54358077141.956	   -140612041046.787	    153490848120.478	    165304973444.754	     53604478431.766	    -23708649147.608	     78239319739.197	    -73163156193.248	
         -649580.168	          981632.341	     51971562037.551	   -141520523143.910	    155024852426.141	    163867100645.646	     55011370361.244	    -19907791655.646	     76097700191.896	    -75343292519.373	
         -637652.096	          990916.882	     49570017863.410	   -142388079800.480	    156545473273.325	    162415081129.110	     56146019261.881	    -16008410472.930	     73894674694.552	    -77462632071.807	
         -625484.198	          999915.941	     47154141425.264	   -143214466780.110	    158052579390.455	    160949040254.619	     57001104547.180	    -12029316436.403	     71631969505.128	    -79519410806.870	
         -613081.875	         1008627.802	     44724633352.145	   -143999451538.120	    159546040695.069	    159469104614.695	     57570507260.879	     -7989929167.556	     69311363500.169	    -81511913759.115	
         -600450.873	         1017051.001	     42282197906.141	   -144742813276.522	    161025728305.676	    157975402023.358	     57849368067.336	     -3910214869.470	     66934686776.547	    -83438476720.144	
         -587597.289	         1025184.318	     39827542791.520	   -145444342996.124	    162491514553.494	    156468061504.447	     57834144408.934	       189381990.584	     64503819193.584	    -85297487877.624	
         -574527.577	         1033026.764	     37361378963.256	   -146103843545.737	    163943272994.070	    154947213279.830	     57522666195.220	      4288013588.923	     62020688856.654	    -87087389411.961	
         -561248.551	         1040577.577	     34884420434.996	   -146721129668.499	    165380878418.782	    153412988757.494	     56914189274.566	      8364510669.223	     59487270543.546	    -88806679048.212	
         -547767.389	         1047836.209	     32397384086.501	   -147296028045.301	    166804206866.220	    151865520519.525	     56009445824.656	     12397471837.979	     56905584074.969	    -90453911560.836	
         -534091.635	         1054802.310	     29900989470.602	   -147828377335.319	    168213135633.443	    150304942309.969	     54810690685.675	     16365360495.737	     54277692630.695	    -92027700228.951	
         -520229.203	         1061475.721	     27395958619.697	   -148318028213.662	    169607543287.120	    148731389022.586	     53321742553.036	     20246609553.540	     51605701012.923	    -93526718239.827	
         -506188.379	         1067856.453	     24883015851.835	   -148764843406.114	    170987309674.536	    147144996688.485	     51548018848.909	     24019733944.987	     48891753858.609	    -94949700038.400	
         -491977.816	         1073944.674	     22362887576.419	   -149168697720.998	    172352315934.486	    145545902463.658	     49496563008.532	     27663450780.606	     46138033802.542	    -96295442620.642	
         -477606.534	         1079740.688	     19836302099.555	   -149529478078.134	    173702444508.032	    143934244616.394	     47176062853.650	     31156806803.188	     43346759593.104	    -97562806768.704	
         -463083.919	         1085244.917	     17303989429.093	   -149847083534.920	    175037579149.134	    142310162514.593	     44596858687.221	     34479312591.775	     40520184162.740	    -98750718225.829	
         -448419.712	         1090457.883	     14766681079.389	   -150121425309.514	    176357604935.153	    140673796612.967	     41770939736.865	     37611082730.991	     37660592655.247	    -99858168809.075	
         -433624.004	         1095380.181	     12225109875.822	   -150352426801.133	    177662408277.222	    139025288440.139	     38711927605.265	     40532980915.532	     34770300412.106	   -100884217458.025	
         -418707.225	         1100012.462	      9680009759.098	   -150540023607.469	    178951876930.480	    137364780585.634	     35435045459.640	     43226768702.662	     31851650920.173	   -101827991217.705	
         -403680.129	         1104355.408	      7132115589.390	   -150684163539.215	    180225900004.175	    135692416686.772	     31957071814.115	     45675256366.121	     28907013723.118	   -102688686154.050	
         -388553.778	         1108409.709	      4582162950.320	   -150784806631.716	    181484367971.627	    134008341415.459	     28296277932.025	     47862454051.767	     25938782299.092	   -103465568200.361	
         -373339.527	         1112176.041	      2030887952.855	   -150841925153.739	    182727172680.059	    132312700464.882	     24472348101.636	     49773721199.160	     22949371907.196	   -104157973933.286	
         -358048.995	         1115655.042	      -520972960.884	   -150855503613.368	    183954207360.287	    130605640536.103	     20506282318.069	     51395911985.575	     19941217405.368	   -104765311276.986	
         -342694.046	         1118847.292	     -3072683213.838	   -150825538761.022	    185165366636.270	    128887309324.565	     16420281233.526	     52717514381.699	     16916771042.392	   -105287060134.236	
         -327286.758	         1121753.292	     -5623506290.234	   -150752039589.606	    186360546534.530	    127157855506.503	     12237613611.144	     53728780293.651	     13878500226.805	   -105722772943.374	
         -311839.392	         1124373.447	     -8172705931.762	   -150635027331.793	    187539644493.418	    125417428725.263	      7982466926.217	     54421844215.227	     10828885275.492	   -106072075160.069	
         -296364.361	         1126708.048	    -10719546333.689	   -150474535454.431	    188702559372.260	    123666179577.536	      3679782190.038	     54790827837.193	      7770417144.863	   -106334665663.080	
         -280874.190	         1128757.256	    -13263292340.858	   -150270609650.097	    189849191460.343	    121904259599.499	      -644925488.418	     54831928164.264	      4705595147.502	   -106510317083.230	
         -265381.481	         1130521.098	    -15803209643.545	   -150023307825.774	    190979442485.773	    120131821252.869	     -4965758656.139	     54543486879.236	      1636924657.239	   -106598876055.016	
         -249898.874	         1131999.452	    -18338564973.124	   -149732700088.665	    192093215624.186	    118349017910.879	     -9256639233.335	     53926038967.743	     -1433085194.386	   -106600263390.362	
         -234439.001	         1133192.046	    -20868626297.520	   -149398868729.151	    193190415507.317	    116556003844.161	    -13491517483.000	     52982338972.069	     -4501923827.257	   -106514474174.187	
         -219014.453	         1134098.459	    -23392663016.392	   -149021908200.866	    194270948231.425	    114752934206.550	    -17644585225.196	     51717363669.729	     -7567081524.427	   -106341577781.579	
         -203637.728	         1134718.120	    -25909946156.033	   -148601925097.910	    195334721365.571	    112939965020.813	    -21690490071.500	     50138290458.921	    -10626051743.437	   -106081717816.510	
         -188321.198	         1135050.321	    -28419748563.923	   -148139038129.191	    196381643959.756	    111117253164.287	    -25604547330.227	     48254451261.656	    -13676333424.188	   -105735111972.163	
         -173077.066	         1135094.224	    -30921345102.920	   -147633378089.880	    197411626552.907	    109284956354.446	    -29362946209.194	     46077262306.157	    -16715433290.367	   -105302051813.090	
         -157917.323	         1134848.874	    -33414012845.048	   -147085087829.992	    198424581180.717	    107443233134.394	    -32942947023.734	     43620130701.321	    -19740868141.412	   -104782902479.534	
         -142853.718	         1134313.224	    -35897031264.840	   -146494322220.074	    199420421383.339	    105592242858.278	    -36323066302.004	     40898339244.970	    -22750167132.027	   -104178102314.404	
         -127897.718	         1133486.149	    -38369682432.210	   -145861248114.008	    200399062212.928	    103732145676.627	    -39483246960.633	     37928911392.702	    -25740874036.320	   -103488162413.526	
         -113060.481	         1132366.474	    -40831251204.828	   -145186044308.906	    201360420241.033	    101863102521.629	    -42405011089.608	     34730458735.937	    -28710549493.597	   -102713666099.904	
          -98352.824	         1130952.999	    -43281025419.945	   -144468901502.122	    202304413565.843	     99985275092.325	    -45071593320.214	     31323013680.131	    -31656773232.974	   -101855268322.889	
          -83785.200	         1129244.527	    -45718296085.668	   -143710022245.348	    203230961819.278	     98098825839.746	    -47468053234.670	     27727850265.427	    -34577146273.935	   -100913694983.235	
          -69367.679	         1127239.892	    -48142357571.629	   -142909620895.820	    204139986173.926	     96203917951.977	    -49581365790.032	     23967296225.447	    -37469293100.068	    -99889742185.199	
          -55109.926	         1124937.993	    -50552507799.033	   -142067923564.614	    205031409349.831	     94300715339.162	    -51400489250.379	     20064539433.876	    -40330863803.257	    -98784275416.902	
          -41021.193	         1122337.819	    -52948048430.054	   -141185168062.052	    205905155621.127	     92389382618.436	    -52916410629.840	     16043431846.264	    -43159536195.665	    -97598228660.335	
          -27110.308	         1119438.481	    -55328285056.545	   -140261603840.213	    206761150822.521	     90470085098.811	    -54122169125.797	     11928293913.807	    -45953017886.918	    -96332603432.463	
